rows 1000 1 0.011240
rows 2000 1 0.004854
rows 3000 1 0.010517
rows 1000 2 0.005374
rows 2000 2 0.002495
rows 3000 2 0.005305
columns 1000 2 0.005474
columns 2000 2 0.002439
columns 3000 2 0.005253
blocks 1000 2 0.005456
blocks 2000 2 0.002461
blocks 3000 2 0.005298
rows 1000 3 0.003745
rows 2000 3 0.001712
rows 3000 3 0.003926
columns 1000 3 0.003673
columns 2000 3 0.001632
columns 3000 3 0.005147
blocks 1000 3 0.003778
blocks 2000 3 0.002049
blocks 3000 3 0.003814
rows 1000 4 0.003252
rows 2000 4 0.001811
rows 3000 4 0.003150
columns 1000 4 0.003237
columns 2000 4 0.001319
columns 3000 4 0.003284
blocks 1000 4 0.003128
blocks 2000 4 0.001411
blocks 3000 4 0.003196
